#train loss	valid_loss
1	34.78476345539093	34.396066069602966	0.5679999589920044
2	34.15578842163086	34.0782904624939	0.6000000238418579
3	33.941755294799805	33.794628381729126	0.6160000562667847
4	33.591477274894714	33.54787826538086	0.5800000429153442
5	33.377089500427246	33.31835448741913	0.6200000047683716
6	33.31152617931366	33.108288645744324	0.6320000290870667
7	33.01594316959381	32.91190803050995	0.6520000696182251
8	33.024256229400635	32.74224281311035	0.6600000262260437
9	32.856075167655945	32.595295906066895	0.6640000343322754
10	32.67984867095947	32.461424469947815	0.6640000343322754
11	32.82518804073334	32.340702414512634	0.6680000424385071
12	32.51901149749756	32.226430773735046	0.6600000262260437
13	32.087992429733276	32.118571400642395	0.6600000262260437
14	32.068912386894226	32.013537883758545	0.6600000262260437
15	32.00654208660126	31.921094059944153	0.6600000262260437
16	32.2089946269989	31.849659085273743	0.6600000262260437
17	32.15822875499725	31.78140938282013	0.6600000262260437
18	32.38310694694519	31.724137663841248	0.6600000262260437
19	31.841779947280884	31.669636964797974	0.6640000343322754
20	31.43543779850006	31.606593132019043	0.6640000343322754
21	31.604239344596863	31.54948115348816	0.6640000343322754
22	31.771836280822754	31.49490237236023	0.6640000343322754
23	31.785611510276794	31.445680260658264	0.6680000424385071
24	31.687859892845154	31.403685212135315	0.6680000424385071
25	31.799728274345398	31.36547088623047	0.6680000424385071
26	31.62242591381073	31.327382922172546	0.6680000424385071
27	31.82795226573944	31.297521591186523	0.6720000505447388
28	31.848796606063843	31.27161204814911	0.6720000505447388
29	31.176429390907288	31.245068907737732	0.6720000505447388
30	31.559783220291138	31.221469044685364	0.6720000505447388
31	31.320958733558655	31.195363402366638	0.6800000071525574
32	31.393129229545593	31.17201805114746	0.6840000152587891
33	31.57599687576294	31.14816665649414	0.6800000071525574
34	31.582353711128235	31.13022804260254	0.6920000314712524
35	31.726630330085754	31.115643978118896	0.6959999799728394
36	32.16996729373932	31.099459528923035	0.6959999799728394
37	31.257206201553345	31.08385443687439	0.6920000314712524
38	31.09468698501587	31.06615960597992	0.7120000123977661
39	31.33893072605133	31.050750017166138	0.6800000071525574
40	31.439409255981445	31.03382110595703	0.6800000071525574
41	31.01834237575531	31.018561720848083	0.6840000152587891
42	31.69066309928894	31.003295183181763	0.6840000152587891
43	31.495478749275208	30.99050223827362	0.6840000152587891
44	31.49681568145752	30.978972911834717	0.6840000152587891
45	31.182767152786255	30.966181755065918	0.6840000152587891
46	30.746846795082092	30.954728722572327	0.6840000152587891
47	31.81417465209961	30.944706201553345	0.6880000233650208
48	31.743438839912415	30.937052965164185	0.6840000152587891
49	31.22411847114563	30.92754304409027	0.6880000233650208
50	31.168532967567444	30.916252732276917	0.6880000233650208
51	31.217634677886963	30.906330347061157	0.6840000152587891
52	31.552323698997498	30.896955132484436	0.6880000233650208
53	30.991451144218445	30.88504910469055	0.6840000152587891
54	30.882989764213562	30.87090790271759	0.6880000233650208
55	31.80970311164856	30.857020616531372	0.6840000152587891
56	31.540645956993103	30.84567904472351	0.6959999799728394
57	31.904253363609314	30.84145188331604	0.699999988079071
58	31.40427529811859	30.838626623153687	0.699999988079071
59	31.57525062561035	30.83596408367157	0.699999988079071
60	31.116000413894653	30.833340883255005	0.699999988079071
61	31.31899058818817	30.8242666721344	0.699999988079071
62	30.246922373771667	30.815529823303223	0.6959999799728394
63	30.66428780555725	30.80527424812317	0.6959999799728394
64	30.892158150672913	30.793933272361755	0.6959999799728394
65	31.22203528881073	30.78437626361847	0.6959999799728394
66	31.285799145698547	30.77433943748474	0.699999988079071
67	31.11505687236786	30.766231417655945	0.699999988079071
68	31.64033830165863	30.759711861610413	0.699999988079071
69	31.491724848747253	30.75559437274933	0.699999988079071
70	31.128801703453064	30.753169059753418	0.6959999799728394
71	30.67639470100403	30.748801827430725	0.6959999799728394
72	31.598028540611267	30.742215514183044	0.6959999799728394
73	30.852725505828857	30.738022327423096	0.6959999799728394
74	30.88426947593689	30.731232166290283	0.699999988079071
75	31.399399042129517	30.725353956222534	0.699999988079071
76	30.79864740371704	30.72096824645996	0.699999988079071
77	31.004866361618042	30.71624755859375	0.6959999799728394
78	31.334559321403503	30.711567401885986	0.6959999799728394
79	30.90907096862793	30.70558726787567	0.6959999799728394
80	31.046396493911743	30.697675943374634	0.6959999799728394
81	31.002286672592163	30.68894863128662	0.699999988079071
82	31.199060082435608	30.682149529457092	0.699999988079071
83	31.055068969726562	30.67619562149048	0.6959999799728394
84	31.310502886772156	30.67265212535858	0.7080000042915344
85	30.709164142608643	30.66878616809845	0.6840000152587891
86	31.67828857898712	30.66531777381897	0.6840000152587891
87	31.577595472335815	30.66253960132599	0.6840000152587891
88	31.357015371322632	30.659565329551697	0.6840000152587891
89	31.238560676574707	30.654228925704956	0.6959999799728394
90	30.768755078315735	30.650451183319092	0.7039999961853027
91	30.691210627555847	30.646600127220154	0.6840000152587891
92	30.806316137313843	30.641392469406128	0.6840000152587891
93	31.498352885246277	30.637192130088806	0.6959999799728394
94	31.46814525127411	30.63400626182556	0.6959999799728394
95	30.862130522727966	30.63106894493103	0.6959999799728394
96	30.91996669769287	30.629376769065857	0.699999988079071
97	30.93841791152954	30.62838852405548	0.699999988079071
98	30.846017599105835	30.627020001411438	0.699999988079071
99	31.09219253063202	30.62243103981018	0.6959999799728394
100	31.005366444587708	30.614896416664124	0.699999988079071
101	31.163823008537292	30.60679256916046	0.699999988079071
102	31.104528307914734	30.600537061691284	0.699999988079071
103	31.401986479759216	30.593788623809814	0.699999988079071
104	30.39463698863983	30.588271021842957	0.699999988079071
105	30.387990474700928	30.58192729949951	0.699999988079071
106	30.73058247566223	30.575397610664368	0.699999988079071
107	30.184246301651	30.57088077068329	0.699999988079071
108	30.910648107528687	30.567747354507446	0.699999988079071
109	31.00053071975708	30.563166737556458	0.699999988079071
110	30.472824573516846	30.556817054748535	0.699999988079071
111	30.73367416858673	30.54826319217682	0.699999988079071
112	31.296895146369934	30.542654991149902	0.699999988079071
113	30.543910264968872	30.53976833820343	0.699999988079071
114	31.37762725353241	30.53720712661743	0.699999988079071
115	31.24519169330597	30.534983277320862	0.699999988079071
116	30.478261709213257	30.531827807426453	0.699999988079071
117	31.25878930091858	30.530134439468384	0.699999988079071
118	31.384015679359436	30.530927181243896	0.6959999799728394
119	30.888596773147583	30.5318284034729	0.6959999799728394
120	30.825162529945374	30.532196164131165	0.6959999799728394
121	31.12245798110962	30.53107261657715	0.6959999799728394
122	30.802372694015503	30.531280636787415	0.6959999799728394
123	30.680755972862244	30.528520941734314	0.6959999799728394
124	31.05534553527832	30.522085428237915	0.699999988079071
125	31.251766681671143	30.517578721046448	0.699999988079071
126	31.863983273506165	30.515216588974	0.699999988079071
127	29.745198488235474	30.512641668319702	0.699999988079071
128	31.059072017669678	30.509724617004395	0.699999988079071
129	30.42892038822174	30.507094860076904	0.699999988079071
130	30.974152088165283	30.504351258277893	0.699999988079071
131	31.710777282714844	30.506396889686584	0.699999988079071
132	30.829421281814575	30.5069237947464	0.6959999799728394
